0.438 6.95252e-310 6.93451e-310 0 0.7598
0.8143 0.45 -0.114223 -2.4308 0.7576
2.203 0.45 -0.112236 -2.3242 0.7436
4.8131 0.45 -0.0953708 -2.1372 0.7026
7.4288 0.45 -0.0693142 -1.6417 0.6178
9.9917 0.45 -0.0707733 -1.3987 0.5287
12.5027 0.45 -0.0468092 -0.8325 0.4488
14.3896 0.45 -0.0313696 -0.0105 0.3198
16.6626 0.45 0.00461406 0.1278 0.1695
18.7738 0.45 0.00614979 0.3356 0.0547
20.713 0.45 -0.00348165 0.3651 0.0009
22.524 0.45 -0.0608538 -1.6489 0.1329
24.3019 0.45 -0.0193667 -0.1421 0.1318
25.9121 0.45 -0.00878775 0.2176 0.0699
27.4326 0.45 -0.0687448 -0.0338 0.0748
28.8558 0.45 -0.0265968 -0.5403 0.1732
30.2085 0.4 0.00193131 0.2766 0.0629
31.1542 0.4 -0.145161 -2.2234 0.1651
29.0113 0.45 -0.00488121 0.6487 0.1254
30.3512 0.4 -0.0156521 0.1413 0.0372
31.3353 0.4 -0.0719468 -2.0033 0.19
32.2455 0.4 0.0148548 0.8985 0.0488
33.3807 0.4 -0.198478 -2.8768 0.1985
25.614 -0.2 0.0310466 1.0692 0.1747
25.1591 0.45 -0.00243714 0.4594 0.037
26.769 0.45 -0.0553509 -1.4319 0.1156
28.2924 0.45 -0.0132157 0.294 0.0663
29.6005 0.45 -0.605965 9.997 0.1623
21.9345 -0.2 -0.0355305 -0.2286 0.3045
21.5598 0.45 0.00660183 0.6138 0.1435
23.6156 0.45 -0.00596088 0.3285 0.0322
25.3016 0.45 -0.340613 -2.5595 0.0689
20.4373 0.45 -0.0790876 -2.0044 0.342
22.155 -0.2 -0.00973512 0.1111 0.2197
21.746 0.45 -0.0741259 -1.8399 0.2454
20.7662 0.45 -0.0207766 -0.1672 0.1798
22.3601 0.45 -1 20.3047 0.2267
21.0612 0.45 -0.0983839 -2.4136 0.4981
19.9212 0.45 0.0150865 0.2305 0.2977
21.7648 0.45 0.00243909 0.496 0.1082
23.5917 0.45 -0.0188835 0.3097 0.0868
19.9327 0.45 -0.0703795 -1.984 0.2887
21.8821 0.45 -0.244785 -2.8791 0.3558
19.568 0.45 -0.0639142 -1.4224 0.455
21.874 0.45 0.0236354 0.3421 0.2298
19.5585 0.45 -0.166865 -3.9853 0.5707
21.7652 0.45 -0.0632465 -0.2588 0.468
20.8892 0.45 -0.0694078 -1.6563 0.5281
20.3277 0.45 0.00156873 0.5121 0.2499
22.097 0.45 -0.440325 -11.0989 0.5584
21.4781 0.45 -0.0714544 -2.4256 0.6664
20.8773 0.45 -0.165268 -4.7828 0.5663
20.378 0.45 0.0171149 -0.6978 0.3533
21.3353 0.45 -0.163682 -4.329 0.7241
20.6608 0.45 -0.0485196 -0.0437 0.4433
22.3745 0.45 -0.00795024 1.0378 0.1761
19.4535 0.45 -0.093262 -2.1419 0.4951
21.3122 0.45 -0.0332463 0.2934 0.237
20.2377 0.45 -0.0770537 -1.8245 0.2398
22.1483 0.45 -0.079813 -4.3829 0.2377
21.3308 0.45 -0.0629212 -1.4601 0.3101
21.4566 0.45 -0.023636 0.9517 0.0845
23.5242 0.45 -0.0212281 0.4567 -0.0566
25.2422 0.45 -0.0421319 -1.0346 0.1024
26.9594 0.45 0.0632652 0.6586 -0.0352
28.4448 0.45 -0.00505977 -0.1328 0.0557
29.9124 0.45 0.0010371 0.6045 -0.1381
30.9371 0.4 -0.157596 -6.1387 -0.0061
31.9136 0.4 0.0432959 1.3877 -0.1041
32.7886 0.4 -0.0309974 -0.3189 -0.1747
33.673 0.4 -0.0117902 0.0787 -0.1866
26.2575 -0.2 -0.601272 -14.318 0.7735
20.9709 0.45 -0.0923196 -2.4154 0.8498
20.1682 0.45 0.0393271 -0.5447 0.3542
22.3865 0.45 0.0118289 1.4157 0.0269
24.3293 0.45 -0.0007284 0.2117 -0.1332
26.0995 0.45 -0.0149373 0.0892 -0.1947
20.4448 0.45 -0.0149057 -0.001 -0.2244
22.283 -0.2 -0.0153168 0.091 -0.2424
21.4207 0.45 -0.0159117 0.0344 -0.2506
20.6385 0.45 -0.0166716 0.0102 -0.2519
20.1156 0.45 -0.017164 0.0065 -0.2494
22.0814 -0.2 -0.0173058 -0.0117 -0.2454
21.0696 0.45 -0.0172355 -0.0024 -0.241
19.9528 0.45 -0.0140742 0.0129 -0.2453
21.0152 0.45 -0.532635 -8.5334 0.3763
20.6622 0.45 -0.0611268 -1.4145 0.4465
20.6277 0.45 0.00374553 0.487 0.1507
21.9409 0.45 0.0107146 0.7822 -0.0582
23.9383 0.45 -0.0187886 0.3169 -0.1556
25.7724 0.45 -0.0384363 -0.9763 0.0566
27.5605 0.45 0.00939018 0.4479 -0.1193
29.1823 0.45 -0.025472 -1.7691 0.1238
30.6167 0.4 -0.00173277 0.6898 -0.1382
27.9438 -0.2 0.0106332 -0.7223 0.1648
20.3938 0.45 -0.0839812 -2.5426 0.5295
20.1572 0.45 -0.483677 -8.8377 0.6482
21.6433 0.45 -0.468529 -1.7357 1.0204
19.753 0.45 -0.100711 -1.5656 1.2241
21.8633 0.45 -0.374039 -9.5854 1.1735
20.8582 0.45 -0.0655782 -0.1891 0.8301
20.8676 0.45 -0.0669124 -1.8261 0.7849
21.989 0.45 -0.389542 -5.7563 0.6113
21.0997 0.45 -0.0529616 -1.2184 0.5095
20.0485 0.45 -0.0389508 -1.2514 0.1904
22.42 0.45 -0.0002079 0.4338 -0.0705
22.1196 -0.2 -0.272212 -8.7905 0.2655
21.5044 0.45 -0.0390242 -0.7658 0.1782
23.4772 0.45 -0.00070872 0.4728 -0.1015
21.5047 -0.2 -0.00348171 0.1589 -0.2521
21.7427 0.45 -0.0121808 0.1153 -0.3134
21.0409 0.45 -0.0300375 -0.4068 -0.3391
20.0141 0.45 -0.0174771 -0.0159 -0.3484
21.8631 0.45 -0.0156179 0.0469 -0.3612
21.406 0.45 -0.0161464 0.0367 -0.3656
