0 6.91283e-310 6.95256e-310 0 0.7598
3.066 0.5 -0.185714 -24.5637 0.7598
5.694 0.5 -0.179371 -4.1272 0.7598
3.2017 0.5 -0.17359 -3.9689 0.7596
1.8199 0.5 -0.127432 -3.5366 0.7583
0.8547 0.5 -0.131353 -2.6599 0.7569
1.1146 0.5 -0.120058 -2.9914 0.7548
1.3771 0.5 -0.116038 -2.5142 0.7522
1.7451 0.5 -0.107553 -2.2856 0.749
2.1869 0.5 -0.0910471 -2.094 0.7449
2.7589 0.5 -0.0862019 -1.8298 0.7392
3.3694 0.5 -0.0684546 -0.7014 0.7336
4.0359 0.5 -0.0682113 -1.5452 0.7267
4.7109 0.5 -0.0862014 -0.752 0.7187
5.3767 0.5 -0.018821 0.2771 0.7094
6.0359 0.5 -0.0532371 -0.6239 0.7007
6.6871 0.5 -0.0167379 -0.4661 0.6894
7.4367 0.5 0.0288713 0.1479 0.6765
8.0698 0.5 -0.0467601 -0.2108 0.6668
8.6956 0.5 -0.00668062 -0.4858 0.6537
9.3139 0.5 -0.1042 0.28 0.6582
9.8943 0.5 -0.0287191 -6.731 0.6436
10.4882 0.5 -0.0551996 1.0979 0.6408
11.0738 0.5 -0.210027 -4.032 0.6434
11.2722 0.5 -0.028031 -2.7621 0.6286
11.868 0.5 -0.0380859 0.5762 0.6196
12.4988 0.5 -0.0909903 -1.7274 0.6119
13.446 0.5 0.0300035 -0.9877 0.5927
14.1909 0.5 -0.0325036 0.6212 0.5815
14.5227 0.5 -0.050527 -0.9618 0.5693
14.9734 0.5 -0.0039755 -0.1599 0.5522
15.5937 0.5 -0.00922676 0.4402 0.537
16.1647 0.5 -0.0225152 -0.0684 0.5229
16.5561 0.5 -0.0127296 -0.0901 0.5074
17.1209 0.75 -0.00826944 0.148 0.4917
18.0209 0.75 -0.0137388 0.1336 0.4792
18.8955 0.75 -0.012189 -0.666 0.4629
19.7432 0.75 0.00829125 0.4862 0.4452
20.5741 0.75 -0.0100496 0.4639 0.4311
21.1276 0.75 -0.0213326 -0.0506 0.4204
21.9733 0.75 0.0103511 -0.6713 0.406
22.9959 0.75 -0.0115136 -0.3787 0.389
23.7853 0.75 -0.0297074 0.9112 0.3757
24.57 0.75 -0.0238887 0.4624 0.3649
25.2173 0.75 -0.0451914 -0.2519 0.3571
26.1224 0.75 -0.142028 -0.4353 0.38
26.8492 0.75 -0.270772 -5.4691 0.4083
27.5779 0.75 -0.00902282 -3.6796 0.3788
28.2893 0.75 0.161493 3.3257 0.3307
28.8723 0.75 0.012806 3.5413 0.3145
29.6019 0.75 -0.0481139 0.1938 0.3111
30.3186 0.75 -0.0564588 -1.0668 0.3063
31.0299 0.75 -0.0198474 -0.539 0.2932
31.7333 0.75 0.00498334 0.3558 0.2766
32.5425 0.75 0.0155027 0.537 0.2616
33.227 0.75 -0.0321291 0.0264 0.2559
33.9026 0.75 -0.0420123 -0.6196 0.2505
34.5703 0.75 -0.0211805 -0.4123 0.2395
35.2301 0.75 -0.0040056 0.188 0.2403
35.768 0.75 -0.237722 -2.4313 0.288
36.3473 0.75 -0.235561 -5.5362 0.3147
36.9685 0.75 0.0660302 -1.898 0.2608
37.5275 0.75 0.243507 5.2999 0.1829
38.0739 0.75 0.0914679 5.4785 0.1624
38.6824 0.75 -0.157033 -0.642 0.2022
39.2232 0.75 -0.205859 -4.9744 0.2363
39.7989 0.75 -0.0337414 -2.9588 0.2149
40.4757 0.75 0.13206 2.0513 0.1471
40.9994 0.75 0.0877281 5.7791 0.1475
41.5341 0.75 -0.439207 -4.0307 0.2717
41.8072 0.75 -0.335278 -11.1353 0.32
42.3364 0.75 0.15504 -2.0739 0.2182
42.6963 0.75 0.431078 9.2426 0.0704
43.064 0.75 0.255533 9.9687 0.0339
43.6516 0.75 -0.518297 -2.1382 0.206
43.762 0.75 -0.608981 -14.4217 0.373
43.9555 0.75 -0.286644 -12.0943 0.3946
44.4672 0.75 0.210169 0.649 0.2901
44.8312 0.75 0.224041 6.6252 0.1942
45.3712 0.75 0.163736 5.4249 0.1504
45.8822 0.75 -0.151326 -0.0996 0.2034
46.3811 0.75 -0.270714 -5.7146 0.278
46.8175 0.75 -0.0753553 -5.9629 0.2538
47.3038 0.75 0.209046 2.3962 0.1419
47.6706 0.75 0.256594 7.2816 0.0451
48.1812 0.75 -0.00280626 4.4846 0.0698
48.613 0.75 -0.524845 -4.7596 0.3161
48.6471 0.5 -1 -20.7339 0.5778
48.3704 0.5 -0.38133 -10.6158 0.6078
48.4358 0.5 0.406262 1.2395 0.3554
48.27 0.75 0.494417 17.0479 0.0076
48.2281 0.75 0.695407 25 -0.2509
48.3124 0.75 0.195918 12.846 -0.2625
48.6751 0.75 -0.527592 -3.7875 -0.0405
48.7084 0.75 -0.992438 -13.9242 0.3654
48.4829 0.5 -1 -24.5637 0.7393
48.0471 0.5 -0.437317 -17.5344 0.796
48.1337 0.5 0.326272 -1.1848 0.5347
47.8663 0.75 0.812466 16.1706 0.1195
47.6594 0.75 0.868366 22.5814 -0.2651
47.5477 0.75 0.329515 19.3403 -0.3325
47.9729 0.75 -0.373669 -1.1706 -0.1252
48.1143 0.75 -0.881323 -13.9195 0.2059
48.0411 0.75 -0.530042 -15.7487 0.3702
48.386 0.75 -0.0485296 -7.6512 0.2886
48.7624 0.75 0.445624 6.1542 0.0163
48.8563 0.75 0.778899 14.5226 -0.3005
48.9224 0.75 0.269426 12.0629 -0.3765
49.3882 0.75 -0.242945 0.7708 -0.2152
49.6539 0.75 -1 -10.7143 0.1599
49.6077 0.75 -1 -12.361 0.612
49.2688 0.5 -0.785513 -22.152 0.808
49.1254 0.5 0.200306 -5.1497 0.5461
48.8979 0.75 1 14.9476 -0.0687
48.6862 0.75 1 25 -0.5339
48.401 0.5 0.709338 16.872 -0.8433
48.1872 0.5 0.220615 12.7168 -0.8278
48.1914 0.5 -0.288112 -4.7118 -0.5107
47.9405 0.75 -0.739552 -20.5576 -0.1113
47.7857 0.75 -0.691466 -18.4436 0.2143
47.895 0.75 -0.702341 -14.421 0.5344
47.9348 0.5 -0.268628 -15.0542 0.5651
48.1043 0.75 0.289585 -0.6932 0.2054
48.0757 0.75 0.492357 20.7359 -0.2874
47.9601 0.5 0.851701 25 -0.805
47.4859 0.5 0.517451 24.759 -0.9981
47.5261 0.5 0.0186449 6.6649 -0.9066
47.571 0.5 -0.434831 -5.0962 -0.5904
47.2913 0.75 -0.833918 -13.8384 -0.1755
47.2561 0.75 -1 -13.9133 0.1313
47.3957 0.75 -0.504157 -2.1184 0.3371
47.7954 0.75 -0.0776018 -7.1855 0.2665
48.2246 0.75 0.383282 4.8214 -0.0364
48.3566 0.75 0.568273 13.3442 -0.2683
48.6191 0.75 -0.203934 4.2717 -0.1148
48.8819 0.75 -0.376831 -7.7462 0.0914
49.1484 0.75 -0.282981 -8.4922 0.201
49.5923 0.75 -0.0373898 -3.7983 0.1501
50.1158 0.75 0.196212 2.6985 0.0537
50.5313 0.75 -0.485275 0.8642 0.3334
50.6052 0.75 -0.440001 -12.0667 0.5211
50.7981 0.5 -0.116683 -7.0867 0.4769
50.9912 0.75 0.129299 2.3595 0.4228
51.3993 0.75 -0.0983377 -2.7469 0.4089
51.8431 0.75 0.0617251 -0.1952 0.2913
52.2649 0.75 0.185408 3.8428 0.118
52.6502 0.75 0.182385 5.4715 -0.0231
53.0643 0.75 0.0600655 3.7324 0.0656
53.2706 0.75 -0.394552 -9.988 0.6753
53.1343 0.5 -1 -24.5637 1.3138
52.5886 0.5 -0.64089 -24.5637 1.6497
52.1966 0.5 -0.435201 -17.002 1.6949
52.2565 0.5 -0.0600198 -2.5283 1.5485
52.3307 0.5 0.278495 1.6849 1.1481
52.1315 0.5 0.571873 11.9934 0.6189
51.7837 0.75 0.343372 15.3442 0.5459
51.8722 0.5 -0.629735 -9.7954 0.8541
51.4232 0.5 -0.976457 -13.1268 1.2753
50.919 0.5 -0.728269 -14.1783 1.5943
50.5504 0.5 -0.453667 -15.097 1.6534
50.5989 0.5 0.00874899 -5.4038 1.3727
50.6074 0.5 0.227648 6.3162 1.1649
50.5897 0.5 -0.184055 -3.1815 1.1059
50.64 0.5 -0.0450462 -2.9105 0.9314
50.736 0.5 0.123077 1.5614 0.6545
50.7892 0.5 0.206597 4.914 0.3529
50.9564 0.75 0.142318 5.5211 0.2498
51.3327 0.75 -0.298567 -5.068 0.3539
51.6595 0.75 -0.33702 -7.8484 0.4227
52.0299 0.75 -0.286126 -5.0787 0.5694
52.1942 0.5 -0.392243 -11.7756 0.6449
52.2057 0.5 0.0763288 -5.2675 0.3602
52.25 0.75 0.597333 6.3124 -0.1189
52.4369 0.75 0.508635 7.282 -0.699
52.3381 0.5 0.407892 17.7712 -1.0328
52.336 0.5 0.0474267 6.9172 -0.9096
52.2444 0.5 -0.931022 -11.7638 -0.2711
51.811 0.75 -0.896547 -20.8788 0.3303
51.581 0.5 -0.824264 -21.7829 0.7883
51.1995 0.5 -0.514828 -17.0615 0.9215
51.2455 0.5 -0.163828 -6.4537 0.8156
51.3638 0.5 0.152347 -0.9466 0.4296
51.3871 0.75 0.472395 8.8681 -0.1437
51.4595 0.75 0.555033 14.0563 -0.6938
51.4906 0.5 0.391574 13.0144 -1.0287
51.5615 0.5 0.0601102 6.3396 -1.034
51.5759 0.5 -0.224701 -3.8872 -0.7768
51.4705 0.5 -0.473538 -12.439 -0.4906
51.4312 0.75 -0.610226 -8.9896 -0.07
51.5266 0.75 -0.57342 -14.6895 0.1584
51.8607 0.75 -0.027654 -5.9141 -0.0426
52.2182 0.75 0.370658 5.224 -0.5242
52.188 0.5 0.563731 12.8543 -1.0808
51.8585 0.5 0.512642 14.6336 -1.5007
51.7648 0.5 0.254474 10.5352 -1.6266
51.8625 0.5 -0.158363 1.9752 -1.3972
51.8113 0.5 -0.430993 -7.474 -1.0581
51.639 0.5 -0.646865 -7.6724 -0.6471
51.3975 0.75 -0.488512 -7.5905 -0.3793
51.6927 0.5 0.241905 -4.7529 -0.29
51.5774 0.75 -0.564405 -13.1992 0.0327
51.8468 0.75 -0.0430578 -7.195 -0.1427
52.1951 0.75 0.347774 6.7109 -0.5613
52.2685 0.5 0.484047 11.5445 -0.9478
52.0968 0.5 0.553055 8.3396 -1.3312
51.9821 0.5 0.188534 8.392 -1.3894
52.0718 0.5 -0.107276 1.3618 -1.1802
52.0496 0.5 -0.195884 -5.4126 -0.881
52.0047 0.5 -0.539479 -8.6074 -0.4303
51.9811 0.75 -0.234801 -9.44 -0.2024
52.3977 0.75 -0.190254 -6.4558 -0.0956
52.9113 0.75 0.0461139 -1.9205 -0.2147
53.2946 0.75 0.219619 3.9975 -0.4617
53.6049 0.5 0.280993 7.1017 -0.7143
53.6463 0.5 0.21498 6.9979 -0.8581
53.6973 0.5 0.0638983 4.0818 -0.815
53.7583 0.5 -0.136501 -1.1821 -0.5659
53.7241 0.75 -0.261852 -6.9206 -0.2869
54.0544 0.75 -0.313424 -6.193 -0.0442
54.3534 0.75 -0.104478 -4.0477 0.0091
54.8361 0.75 0.0249588 -0.2945 -0.0851
55.2778 0.75 0.225808 3.8672 -0.2997
55.5943 0.75 0.194767 5.4704 -0.4644
55.9566 0.5 0.118899 4.562 -0.5259
56.0637 0.75 -0.0308028 1.9505 -0.4306
56.3697 0.75 -0.146979 -1.8451 -0.2338
56.7145 0.75 -0.208382 -4.2435 -0.0077
57.052 0.75 -0.190077 -4.7964 0.1658
57.4138 0.75 -0.107773 -3.4083 0.3087
57.7733 0.5 -0.601375 -4.515 0.2246
57.4886 0.75 0.171365 17.741 0.0172
57.7114 0.75 0.224238 5.2443 -0.225
58.0514 0.75 0.218789 6.2917 -0.4383
58.3712 0.75 0.0947079 5.8831 -0.4634
58.7355 0.75 -0.0719324 0.7526 -0.3135
58.8171 0.75 -0.20871 -3.2677 -0.0461
59.0682 0.75 -0.274003 -5.8346 0.2558
59.6053 0.75 -0.23758 -6.6584 0.4593
59.9456 0.5 -0.184981 -3.9266 0.647
60.0062 0.5 -0.165631 -5.2036 0.7216
59.9852 0.5 0.0375715 -1.2268 0.5697
59.9284 0.75 0.210437 3.7685 0.2023
60.042 0.75 0.288035 9.6405 -0.1256
60.2981 0.75 0.12704 6.9387 -0.1094
60.5832 0.75 -0.276641 -3.7627 0.2191
60.7482 0.75 -0.365272 -8.0914 0.6309
60.7642 0.5 -0.282426 -10.6698 0.8235
60.7016 0.5 -0.0481801 -4.2574 0.7552
60.6714 0.5 0.136014 0.8166 0.6553
60.5967 0.5 -0.0519281 -2.3367 0.6179
60.5646 0.5 0.0175681 -0.5469 0.6297
60.4958 0.5 -0.537123 -4.5231 1.1188
60.0446 0.5 -0.441267 -12.3222 1.4068
59.8435 0.5 -0.186474 -7.7781 1.3488
59.8246 0.5 -0.38861 -0.3545 1.6202
59.5587 0.5 -0.296073 -10.1445 1.6379
59.4832 0.5 -0.457566 -2.9451 2.1
58.9617 0.5 -0.71341 -18.9238 2.4224
58.5742 0.5 -0.164326 -9.1777 2.1215
58.5647 0.5 0.0423838 2.0578 1.8703
58.4713 0.5 -0.0896051 -4.9768 1.541
58.433 0.5 0.349168 1.4877 0.9526
58.3101 0.5 -0.198317 2.287 0.846
58.1989 0.5 -0.14548 -3.4225 0.7107
58.1453 0.5 -0.0627963 -3.517 0.4385
58.2522 0.75 -0.317766 0.3493 0.6033
58.2372 0.5 -0.409164 -11.0566 0.7167
58.0721 0.5 -0.19793 -7.5121 0.5383
58.0773 0.75 0.0657012 -1.1933 0.1077
58.3392 0.75 0.184893 3.2378 -0.4487
58.5728 0.5 0.307653 6.8957 -0.9695
58.5632 0.5 0.321334 4.4481 -1.536
58.438 0.5 0.217027 8.0571 -1.6977
58.3768 0.5 -0.253916 -3.4243 -1.4465
58.203 0.5 -0.354048 -7.6303 -1.12
58.0411 0.5 -0.323862 -8.4144 -0.8785
57.9806 0.5 -0.189912 -6.2403 -0.8295
57.9893 0.5 -0.00737367 -2.0856 -0.9984
57.9778 0.5 0.161796 2.4969 -1.3319
57.8967 0.5 0.367916 6.0276 -1.7821
57.7494 0.5 0.257775 7.4525 -2.0644
57.7179 0.5 0.151865 5.7275 -2.1536
57.7291 0.5 0.00667058 2.4792 -2.0634
57.7455 0.5 -0.122375 0.1215 -1.7692
57.7243 0.5 -0.230433 -4.2031 -1.4386
57.6878 0.5 -0.253735 -3.2242 -1.038
57.6368 0.5 -0.231906 -5.8417 -0.709
57.6224 0.5 -0.144265 -4.4167 -0.5222
57.6369 0.75 -0.0265707 -1.7389 -0.4946
57.9305 0.5 0.085287 1.2453 -0.5951
57.9857 0.5 0.158472 3.6479 -0.7545
57.9507 0.5 0.199349 4.7623 -1.0604
57.8508 0.5 0.488801 10.2856 -1.4729
57.6243 0.5 0.388207 8.9803 -1.7346
57.5328 0.5 0.176664 7.7283 -1.7977
57.5308 0.5 0.44252 6.9076 -2.0302
57.3379 0.5 0.209262 8.0752 -1.9568
57.3517 0.5 -0.155612 3.8326 -1.3938
57.3008 0.5 -0.129398 -5.3155 -0.9021
57.2782 0.5 0.328018 -4.4845 -1.0747
56.965 0.5 0.275596 8.3806 -1.1059
56.8477 0.5 0.366222 5.4703 -1.5732
56.4353 0.5 0.71988 20.2783 -2.0783
55.8969 0.5 0.472676 15.734 -2.1545
55.7788 0.5 0.571984 8.6052 -2.4797
55.3694 0.5 0.482864 16.8932 -2.4225
55.2908 0.5 0.0552304 7.3316 -1.7699
55.3221 0.5 -0.347779 -3.5081 -0.7735
55.1455 0.75 -0.555447 -8.196 0.3101
55.2158 0.5 -0.426618 -9.7883 1.2007
55.2166 0.5 -0.382487 -9.9407 1.7795
55.2359 0.5 0.00397721 -3.4917 1.8427
55.2355 0.5 0.186582 3.1041 1.6674
55.1699 0.5 0.277906 6.2994 1.3263
55.0401 0.5 0.455332 9.9462 0.9293
54.9428 0.5 0.208432 8.3704 0.8173
54.986 0.5 0.0643103 4.9585 0.9504
55.0317 0.5 -0.12668 -0.409 1.3053
55.0177 0.5 -0.274891 -4.7808 1.7821
54.9448 0.5 -0.338334 -7.5993 2.2316
54.8842 0.5 -0.310919 -7.8391 2.5419
54.8798 0.5 -0.241581 -6.4058 2.6358
54.9225 0.5 -0.0980364 -2.8741 2.5055
54.9826 0.5 0.0466989 -0.0537 2.1663
55.0116 0.5 0.154313 3.0985 1.663
54.9881 0.5 0.0986351 6.4773 1.3403
55.0295 0.5 0.0668314 2.5234 1.079
55.0685 0.5 -0.0170723 1.6657 0.9132
55.1195 0.5 -0.00535655 0.7571 0.7515
55.1625 0.5 -0.0453617 0.4928 0.6703
55.2029 0.5 -0.0862925 -1.1209 0.624
55.2343 0.5 -0.0955254 -1.3992 0.5896
55.2772 0.5 -0.0679623 -1.7407 0.5167
55.3181 0.75 -0.0547363 -1.2502 0.4828
55.6397 0.5 -0.305391 -2.8835 0.7746
55.6036 0.5 -0.318035 -8.154 0.9768
55.564 0.5 -0.20495 -6.2944 0.9603
55.5956 0.5 -0.106216 -2.847 0.7721
55.6376 0.5 -0.198732 0.1551 0.8607
55.5907 0.5 -0.234657 -6.6763 0.8636
55.5889 0.5 -0.090592 -3.7501 0.6344
55.6274 0.75 0.0629463 0.1263 0.204
55.8663 0.75 0.188061 3.7114 -0.2508
56.2205 0.5 0.248823 3.0496 -0.4776
56.3248 0.75 -0.730661 -4.1207 0.4766
56.1236 0.5 -0.784269 -18.9055 1.3518
55.6037 0.5 -0.723221 -18.7438 1.972
55.1394 0.5 -0.54805 -15.8335 2.1785
55.0294 0.5 -0.261707 -9.9482 1.875
55.0777 0.5 0.0317973 -2.0703 1.1563
55.0768 0.5 0.0691806 4.6691 0.944
54.8934 0.5 -0.575946 -10.5482 1.2714
54.4544 0.5 -0.440199 -12.626 1.2928
54.3166 0.5 -0.214413 -7.9617 0.9302
54.368 0.5 0.0413046 -1.7096 0.2186
54.4353 0.75 0.263543 4.4292 -0.5536
54.643 0.5 0.38676 3.8198 -1.5535
54.4372 0.5 0.593958 11.4954 -2.2519
54.2788 0.5 -0.00863907 1.8302 -2.2825
54.3052 0.5 -0.111938 -1.2746 -2.1655
54.3347 0.5 -0.15772 -2.1499 -1.889
54.3394 0.5 -0.257074 -5.3705 -1.259
54.1444 0.5 -0.597682 -14.2196 -0.4418
53.9332 0.75 -0.515673 -13.8892 0.1101
54.1956 0.75 -0.330774 -10.4008 0.2783
54.6793 0.75 -0.0317037 -4.901 -0.0378
55.074 0.75 0.196625 2.4733 -0.656
55.2382 0.5 0.369364 7.7839 -1.2757
55.1428 0.5 0.00245104 6.4881 -1.305
55.1629 0.5 -0.0392606 -0.1617 -1.2419
55.1926 0.5 -0.0413266 -1.1775 -1.1494
55.2219 0.5 -0.0411198 -1.5532 -1.0645
55.2687 0.5 -0.0538534 -1.0042 -0.9523
55.3152 0.5 -0.0409955 -1.2466 -0.8652
55.3559 0.5 -0.074307 -0.6458 -0.4985
55.4039 0.75 -0.401891 -8.2148 0.1235
55.5943 0.75 -0.361129 -9.4135 0.5654
55.7949 0.5 -0.242313 -7.289 0.7322
55.8243 0.5 -0.0833521 -3.6932 0.6054
55.8689 0.75 0.0772614 0.4092 0.1544
56.1193 0.75 0.227674 6.5251 -0.334
56.4422 0.75 0.0363915 5.6911 -0.4477
56.8234 0.75 0.00621229 0.8915 -0.4977
57.2051 0.5 -0.0137226 0.3463 -0.5001
57.2971 0.75 -0.0437977 -0.1561 -0.293
57.5496 0.75 -0.271435 -5.36 0.1146
57.82 0.75 -0.264182 -6.4885 0.4332
58.1364 0.5 -0.19816 -5.4894 0.6467
58.1821 0.5 -0.2213 -5.0962 0.7854
58.16 0.5 -0.0184098 -3.6289 0.5699
58.1643 0.75 -0.0318382 1.0027 0.3686
58.3897 0.75 0.0472902 1.266 0.1295
58.7484 0.75 0.1066 0.9576 -0.2328
59.086 0.75 0.158322 3.8471 -0.6207
59.3052 0.5 0.170598 4.6748 -0.9186
59.28 0.5 0.00804517 3.3978 -0.907
59.2707 0.5 -0.052256 -0.1453 -0.7801
59.2556 0.5 -0.0980172 -1.4925 -0.5197
59.2117 0.75 -0.267609 -4.1343 0.0193
59.3569 0.75 -0.267739 -8.5759 0.3899
59.6606 0.5 -0.19492 -5.5098 0.5687
59.7191 0.5 -0.089476 -3.1906 0.5272
59.7096 0.75 0.0251926 -0.3582 0.3279
59.9173 0.75 0.0149749 1.1847 0.1739
60.2594 0.75 0.0704997 0.5676 -0.0986
60.5877 0.75 0.124555 2.9509 -0.4293
60.8993 0.75 0.023052 4.1828 -0.5194
61.1281 0.5 0.0153792 1.1079 -0.5621
61.0995 0.5 -0.00700892 0.55 -0.5469
61.0693 0.5 -0.0302166 -0.0381 -0.4809
61.1416 0.75 -0.0496212 -0.5819 -0.3793
61.4686 0.75 -0.0623353 -0.9875 -0.2614
61.7928 0.75 -0.0574316 -1.1994 -0.0679
62.0991 0.75 -0.171164 -3.5612 0.2115
62.3398 0.75 -0.113836 -3.7181 0.3827
62.6455 0.75 -0.115466 -3.0202 0.4841
62.9024 0.5 -0.0928119 -1.7817 0.5785
62.9121 0.5 -0.101286 -2.6987 0.5928
62.8443 0.5 0.00639411 -0.9565 0.419
62.8913 0.75 0.0590299 1.1293 0.1522
63.1871 0.75 0.106398 2.5674 -0.1664
63.4735 0.75 0.0918562 3.4408 -0.3784
63.7695 0.75 0.0464235 1.8619 -0.4987
64.0673 0.5 0.0186105 1.2715 -0.5418
64.0836 0.5 -0.0144222 0.4939 -0.5067
64.0164 0.75 -0.0458084 -0.3304 -0.3876
64.2251 0.75 -0.219491 -1.5458 0.0394
64.4418 0.75 -0.244158 -5.5939 0.4392
64.6322 0.5 -0.207859 -5.3627 0.6727
64.6087 0.5 -0.0983459 -3.1121 0.6672
64.5366 0.5 0.00938619 -0.4716 0.4608
64.5574 0.75 0.0925172 1.7699 0.1169
64.8189 0.75 0.149716 3.5637 -0.2386
65.0787 0.75 0.0617059 3.2546 -0.4179
65.4045 0.5 0.0601076 1.7644 -0.54
65.39 0.5 0.00660824 1.0054 -0.5458
65.307 0.5 -0.0387167 -0.075 -0.4604
65.3221 0.75 -0.069418 -0.9463 -0.317
65.5936 0.75 -0.091015 -1.58 -0.0928
65.8544 0.75 -0.18553 -3.249 0.2373
66.0904 0.75 -0.171182 -4.1457 0.4869
66.3402 0.5 -0.122787 -3.3195 0.5979
66.3262 0.5 -0.0544551 -1.8175 0.5474
66.2321 0.75 0.0179522 -0.0093 0.3491
66.4094 0.75 0.0804592 1.7164 0.0665
66.7037 0.75 0.0495998 2.5366 -0.1499
66.9605 0.75 0.0412663 2.1569 -0.3054
67.2175 0.75 0.0312569 1.3763 -0.4159
67.4724 0.75 0.0131509 1.0128 -0.4678
67.7248 0.75 -0.0096649 0.486 -0.4574
68.0151 0.75 -0.063134 -0.0987 -0.2266
68.2349 0.75 -0.150748 -3.9887 0.0526
68.4526 0.75 -0.143488 -3.3575 0.2796
68.7159 0.75 -0.127703 -2.7949 0.4106
68.9077 0.75 -0.043851 -1.4198 0.3905
69.1429 0.75 0.0303414 -0.2518 0.2752
69.371 0.75 -0.022444 0.0622 0.205
69.5979 0.75 0.00990322 0.239 0.0665
69.8588 0.75 0.0402168 1.0959 -0.1535
70.0738 0.75 0.060138 2.5206 -0.351
70.2885 0.75 0.0567593 1.9536 -0.5104
70.4073 0.5 0.039261 1.6751 -0.5656
70.2649 0.75 -0.124544 0.2044 -0.2884
70.3617 0.75 -0.162233 -3.319 0.0329
70.5452 0.75 -0.158926 -3.6829 0.3088
70.739 0.75 -0.124936 -3.1954 0.4755
70.9429 0.5 -0.0712194 -2.0498 0.5114
70.8546 0.5 -0.0613467 -0.8229 0.4927
70.8225 0.75 -0.0205259 -0.2072 0.3694
71.0618 0.75 0.0860959 0.9328 0.0734
71.2563 0.75 0.0915938 2.3563 -0.2366
71.4483 0.75 0.0429451 2.9265 -0.3179
71.6458 0.75 -0.0586764 -0.6686 -0.2539
71.837 0.75 -0.0736997 -1.2707 -0.1623
72.0278 0.75 -0.0741447 -1.4534 -0.0769
72.1873 0.75 -0.0532531 -1.2997 -0.0304
72.4114 0.75 -0.0467673 -0.9525 -0.0201
72.5702 0.75 -0.0238692 -0.3057 0.104
72.7458 0.75 -0.0747884 -3.4884 0.2474
72.9463 0.75 -0.206832 -2.9054 0.5285
72.9896 0.5 -0.119087 -3.229 0.618
72.8072 0.5 -0.0580621 -1.6854 0.6449
72.622 0.5 -0.0886302 -2.3245 0.6197
72.4414 0.5 -0.0473069 -0.9349 0.4251
72.3879 0.75 -0.00299979 1.4677 0.1537
72.5985 0.75 -0.0489255 2.0383 0.1406
72.7551 0.75 -0.0984784 -2.5287 0.1355
72.9226 0.75 -0.0577135 -1.5933 0.0293
73.1022 0.75 -0.00730397 -0.3857 -0.1825
73.2826 0.75 0.0410986 0.8804 -0.4781
73.457 0.5 0.078134 1.9738 -0.8149
73.3542 0.5 0.0170931 2.69 -0.812
73.1546 0.5 -0.109375 -2.4465 -0.6489
72.9855 0.5 -0.101673 -2.2908 -0.5174
72.7985 0.75 -0.295457 -1.4243 0.115
72.7303 0.75 -0.305292 -7.6822 0.656
72.7159 0.5 -0.216429 -6.2533 0.9221
72.5156 0.5 -0.0913125 -3.4566 1.1003
72.2905 0.5 -0.271368 -5.6106 1.3903
72.0218 0.5 -0.142786 -4.8691 1.3072
71.8353 0.5 -0.108085 -1.2514 1.2199
71.6306 0.5 -0.0759256 -2.9865 0.9179
71.4473 0.5 0.0478596 0.0943 0.3317
71.3409 0.75 0.153623 3.0394 -0.3089
71.5362 0.5 0.179974 2.2535 -0.63
71.3756 0.5 -0.188461 -4.2267 -0.505
71.1178 0.75 -0.163282 -4.149 -0.4517
71.1932 0.75 -0.21306 -2.93 -0.2037
71.3091 0.75 -0.206237 -5.7117 -0.0758
71.4687 0.75 -0.101097 -3.4473 0.2206
71.5132 0.75 -0.352887 -9.7559 0.6372
71.4426 0.5 -0.213506 -6.8726 0.6558
71.2503 0.5 -0.0350552 -2.7106 0.2417
71.1786 0.75 0.134026 1.7886 -0.2461
71.3433 0.75 -0.0676986 -0.2731 -0.4721
71.547 0.5 0.0219114 -0.1602 -0.951
71.4545 0.5 0.118342 3.8255 -1.4718
71.242 0.5 0.0351546 3.8583 -1.7246
71.08 0.5 0.0415888 2.1051 -1.8723
70.9269 0.5 -0.142745 1.5467 -1.461
70.6852 0.5 -0.258765 -4.1796 -0.8918
70.4562 0.5 -0.161532 -4.1344 -0.496
70.385 0.75 -0.100856 -2.8844 -0.2558
70.5959 0.75 -0.0314852 -1.2267 -0.1047
70.8421 0.75 -0.123265 -1.1634 0.2188
70.9952 0.75 -0.0639597 -2.7728 0.3244
71.2324 0.75 -0.0106875 -0.2493 0.2905
71.4348 0.75 -0.0424692 0.9931 0.3989
71.6253 0.75 -0.0618703 -1.4353 0.4738
71.8165 0.75 -0.0313187 -0.7425 0.4524
72.0114 0.75 -0.000600219 0.0469 0.3452
72.2054 0.75 0.0247192 0.7586 0.1763
72.3963 0.75 0.0408951 1.2949 0.0559
72.5845 0.75 -0.0671989 -0.0261 0.1338
72.7622 0.75 -0.0748256 -1.4245 0.2077
72.9407 0.75 -0.0666994 -1.3661 0.2435
73.1209 0.75 -0.049543 -1.0397 0.2224
73.3917 0.75 -0.026847 -0.2348 0.0725
73.5676 0.75 0.010716 1.4049 -0.0938
73.7427 0.75 0.0267513 0.9321 -0.278
73.9019 0.75 0.0280573 1.1713 -0.0694
74.0511 0.75 -0.175184 -6.4189 0.2425
74.1265 0.75 -0.149386 -3.7124 0.4516
74.2914 0.5 -0.103587 -2.7867 0.5094
74.1854 0.75 -0.0440114 -1.4344 0.394
74.2574 0.75 0.056193 0.1133 0.1194
74.4446 0.75 0.12367 0.6733 -0.3364
74.5875 0.5 0.110849 2.8763 -0.7643
74.4293 0.5 0.118965 3.3676 -1.1993
74.2069 0.5 0.100689 4.4145 -1.443
74.0039 0.5 0.0650703 2.5593 -1.513
73.7763 0.5 0.020921 1.5297 -1.362
73.5849 0.5 -0.0378858 -0.3469 -1.0503
73.3623 0.5 -0.0778005 -1.0382 -0.5346
73.1614 0.75 -0.114249 -3.5262 -0.0266
73.2665 0.75 -0.12356 -2.5888 0.5444
73.3308 0.5 -0.118084 -4.1908 0.9549
73.1454 0.5 -0.0956593 -2.2724 1.2363
72.9308 0.5 -0.0847362 -1.6215 1.3812
72.7509 0.5 -0.0323466 -0.6811 1.3477
72.574 0.5 -0.00277522 0.121 1.1903
72.3987 0.5 -0.00881245 0.6419 1.2503
72.1552 0.5 0.250064 -4.3996 0.6833
71.9032 0.5 0.009536 0.5799 0.4175
71.8036 0.75 0.0390004 0.584 0.1162
72.0279 0.75 0.00329294 0.5674 -0.1561
71.994 0.75 -0.00132154 1.1748 -0.3608
72.4927 0.75 -0.00202979 0.4732 -0.5248
72.4935 0.5 -0.00718785 0.2827 -0.5722
72.2933 0.75 -0.179415 -1.1806 -0.2644
72.3671 0.75 -0.147722 -3.3597 -0.0249
72.5327 0.75 -0.120051 -2.9664 0.1179
72.7141 0.75 -0.0761722 -2.0527 0.1768
72.9289 0.75 -0.210107 -1.775 0.4732
73.0608 0.5 -0.12479 -3.3794 0.5407
72.9607 0.75 -0.0549765 -1.8326 0.3958
73.0806 0.75 0.0175595 -0.0238 0.0291
73.2535 0.75 -0.0869985 2.289 0.0223
73.4062 0.75 -0.065951 -1.679 0.0094
73.5637 0.75 -0.340028 -2.0778 0.6569
